/*--------------------------------*- C++ -*----------------------------------*\
  =========                 |
  \\      /  F ield         | OpenFOAM: The Open Source CFD Toolbox
   \\    /   O peration     | Website:  https://openfoam.org
    \\  /    A nd           | Version:  10
     \\/     M anipulation  |
\*---------------------------------------------------------------------------*/
FoamFile
{
    format      ascii;
    class       cellSet;
    location    "constant/polyMesh/sets";
    object      bubbleColumnCells;
}
// * * * * * * * * * * * * * * * * * * * * * * * * * * * * * * * * * * * * * //


7000
(
35 
36 
37 
38 
39 
40 
41 
42 
43 
44 
45 
46 
47 
48 
49 
50 
16435 
51 
16436 
52 
16437 
53 
16438 
54 
16439 
55 
16440 
56 
16441 
57 
16442 
58 
16443 
59 
16444 
60 
16445 
61 
16446 
62 
16447 
63 
16448 
64 
16449 
65 
16450 
66 
16451 
67 
16452 
68 
16453 
69 
16454 
16455 
16456 
16457 
16458 
16459 
16460 
16461 
16462 
16463 
16464 
16465 
16466 
16467 
16468 
16469 
135 
136 
137 
138 
139 
140 
141 
142 
143 
144 
145 
146 
147 
148 
149 
150 
16535 
151 
16536 
152 
16537 
153 
16538 
154 
16539 
155 
16540 
156 
16541 
157 
16542 
158 
16543 
159 
16544 
160 
16545 
161 
16546 
162 
16547 
163 
16548 
164 
16549 
165 
16550 
166 
16551 
167 
16552 
168 
16553 
169 
16554 
16555 
16556 
16557 
16558 
16559 
16560 
16561 
16562 
16563 
16564 
16565 
16566 
16567 
16568 
16569 
235 
236 
237 
238 
239 
240 
241 
242 
243 
244 
245 
246 
247 
248 
249 
250 
16635 
251 
16636 
252 
16637 
253 
16638 
254 
16639 
255 
16640 
256 
16641 
257 
16642 
258 
16643 
259 
16644 
260 
16645 
261 
16646 
262 
16647 
263 
16648 
264 
16649 
265 
16650 
266 
16651 
267 
16652 
268 
16653 
269 
16654 
16655 
16656 
16657 
16658 
16659 
16660 
16661 
16662 
16663 
16664 
16665 
16666 
16667 
16668 
16669 
335 
336 
337 
338 
339 
340 
341 
342 
343 
344 
345 
346 
347 
348 
349 
350 
16735 
351 
16736 
352 
16737 
353 
16738 
354 
16739 
355 
16740 
356 
16741 
357 
16742 
358 
16743 
359 
16744 
360 
16745 
361 
16746 
362 
16747 
363 
16748 
364 
16749 
365 
16750 
366 
16751 
367 
16752 
368 
16753 
369 
16754 
16755 
16756 
16757 
16758 
16759 
16760 
16761 
16762 
16763 
16764 
16765 
16766 
16767 
16768 
16769 
435 
436 
437 
438 
439 
440 
441 
442 
443 
444 
445 
446 
447 
448 
449 
450 
16835 
451 
16836 
452 
16837 
453 
16838 
454 
16839 
455 
16840 
456 
16841 
457 
16842 
458 
16843 
459 
16844 
460 
16845 
461 
16846 
462 
16847 
463 
16848 
464 
16849 
465 
16850 
466 
16851 
467 
16852 
468 
16853 
469 
16854 
16855 
16856 
16857 
16858 
16859 
16860 
16861 
16862 
16863 
16864 
16865 
16866 
16867 
16868 
16869 
535 
536 
537 
538 
539 
540 
541 
542 
543 
544 
545 
546 
547 
548 
549 
550 
16935 
551 
16936 
552 
16937 
553 
16938 
554 
16939 
555 
16940 
556 
16941 
557 
16942 
558 
16943 
559 
16944 
560 
16945 
561 
16946 
562 
16947 
563 
16948 
564 
16949 
565 
16950 
566 
16951 
567 
16952 
568 
16953 
569 
16954 
16955 
16956 
16957 
16958 
16959 
16960 
16961 
16962 
16963 
16964 
16965 
16966 
16967 
16968 
16969 
635 
636 
637 
638 
639 
640 
641 
642 
643 
644 
645 
646 
647 
648 
649 
650 
17035 
651 
17036 
652 
17037 
653 
17038 
654 
17039 
655 
17040 
656 
17041 
657 
17042 
658 
17043 
659 
17044 
660 
17045 
661 
17046 
662 
17047 
663 
17048 
664 
17049 
665 
17050 
666 
17051 
667 
17052 
668 
17053 
669 
17054 
17055 
17056 
17057 
17058 
17059 
17060 
17061 
17062 
17063 
17064 
17065 
17066 
17067 
17068 
17069 
735 
736 
737 
738 
739 
740 
741 
742 
743 
744 
745 
746 
747 
748 
749 
750 
17135 
751 
17136 
752 
17137 
753 
17138 
754 
17139 
755 
17140 
756 
17141 
757 
17142 
758 
17143 
759 
17144 
760 
17145 
761 
17146 
762 
17147 
763 
17148 
764 
17149 
765 
17150 
766 
17151 
767 
17152 
768 
17153 
769 
17154 
17155 
17156 
17157 
17158 
17159 
17160 
17161 
17162 
17163 
17164 
17165 
17166 
17167 
17168 
17169 
835 
836 
837 
838 
839 
840 
841 
842 
843 
844 
845 
846 
847 
848 
849 
850 
17235 
851 
17236 
852 
17237 
853 
17238 
854 
17239 
855 
17240 
856 
17241 
857 
17242 
858 
17243 
859 
17244 
860 
17245 
861 
17246 
862 
17247 
863 
17248 
864 
17249 
865 
17250 
866 
17251 
867 
17252 
868 
17253 
869 
17254 
17255 
17256 
17257 
17258 
17259 
17260 
17261 
17262 
17263 
17264 
17265 
17266 
17267 
17268 
17269 
935 
936 
937 
938 
939 
940 
941 
942 
943 
944 
945 
946 
947 
948 
949 
950 
17335 
951 
17336 
952 
17337 
953 
17338 
954 
17339 
955 
17340 
956 
17341 
957 
17342 
958 
17343 
959 
17344 
960 
17345 
961 
17346 
962 
17347 
963 
17348 
964 
17349 
965 
17350 
966 
17351 
967 
17352 
968 
17353 
969 
17354 
17355 
17356 
17357 
17358 
17359 
17360 
17361 
17362 
17363 
17364 
17365 
17366 
17367 
17368 
17369 
1035 
1036 
1037 
1038 
1039 
1040 
1041 
1042 
1043 
1044 
1045 
1046 
1047 
1048 
1049 
1050 
17435 
1051 
17436 
1052 
17437 
1053 
17438 
1054 
17439 
1055 
17440 
1056 
17441 
1057 
17442 
1058 
17443 
1059 
17444 
1060 
17445 
1061 
17446 
1062 
17447 
1063 
17448 
1064 
17449 
1065 
17450 
1066 
17451 
1067 
17452 
1068 
17453 
1069 
17454 
17455 
17456 
17457 
17458 
17459 
17460 
17461 
17462 
17463 
17464 
17465 
17466 
17467 
17468 
17469 
1135 
1136 
1137 
1138 
1139 
1140 
1141 
1142 
1143 
1144 
1145 
1146 
1147 
1148 
1149 
1150 
17535 
1151 
17536 
1152 
17537 
1153 
17538 
1154 
17539 
1155 
17540 
1156 
17541 
1157 
17542 
1158 
17543 
1159 
17544 
1160 
17545 
1161 
17546 
1162 
17547 
1163 
17548 
1164 
17549 
1165 
17550 
1166 
17551 
1167 
17552 
1168 
17553 
1169 
17554 
17555 
17556 
17557 
17558 
17559 
17560 
17561 
17562 
17563 
17564 
17565 
17566 
17567 
17568 
17569 
1235 
1236 
1237 
1238 
1239 
1240 
1241 
1242 
1243 
1244 
1245 
1246 
1247 
1248 
1249 
1250 
17635 
1251 
17636 
1252 
17637 
1253 
17638 
1254 
17639 
1255 
17640 
1256 
17641 
1257 
17642 
1258 
17643 
1259 
17644 
1260 
17645 
1261 
17646 
1262 
17647 
1263 
17648 
1264 
17649 
1265 
17650 
1266 
17651 
1267 
17652 
1268 
17653 
1269 
17654 
17655 
17656 
17657 
17658 
17659 
17660 
17661 
17662 
17663 
17664 
17665 
17666 
17667 
17668 
17669 
1335 
1336 
1337 
1338 
1339 
1340 
1341 
1342 
1343 
1344 
1345 
1346 
1347 
1348 
1349 
1350 
17735 
1351 
17736 
1352 
17737 
1353 
17738 
1354 
17739 
1355 
17740 
1356 
17741 
1357 
17742 
1358 
17743 
1359 
17744 
1360 
17745 
1361 
17746 
1362 
17747 
1363 
17748 
1364 
17749 
1365 
17750 
1366 
17751 
1367 
17752 
1368 
17753 
1369 
17754 
17755 
17756 
17757 
17758 
17759 
17760 
17761 
17762 
17763 
17764 
17765 
17766 
17767 
17768 
17769 
1435 
1436 
1437 
1438 
1439 
1440 
1441 
1442 
1443 
1444 
1445 
1446 
1447 
1448 
1449 
1450 
17835 
1451 
17836 
1452 
17837 
1453 
17838 
1454 
17839 
1455 
17840 
1456 
17841 
1457 
17842 
1458 
17843 
1459 
17844 
1460 
17845 
1461 
17846 
1462 
17847 
1463 
17848 
1464 
17849 
1465 
17850 
1466 
17851 
1467 
17852 
1468 
17853 
1469 
17854 
17855 
17856 
17857 
17858 
17859 
17860 
17861 
17862 
17863 
17864 
17865 
17866 
17867 
17868 
17869 
1535 
1536 
1537 
1538 
1539 
1540 
1541 
1542 
1543 
1544 
1545 
1546 
1547 
1548 
1549 
1550 
17935 
1551 
17936 
1552 
17937 
1553 
17938 
1554 
17939 
1555 
17940 
1556 
17941 
1557 
17942 
1558 
17943 
1559 
17944 
1560 
17945 
1561 
17946 
1562 
17947 
1563 
17948 
1564 
17949 
1565 
17950 
1566 
17951 
1567 
17952 
1568 
17953 
1569 
17954 
17955 
17956 
17957 
17958 
17959 
17960 
17961 
17962 
17963 
17964 
17965 
17966 
17967 
17968 
17969 
1635 
1636 
1637 
1638 
1639 
1640 
1641 
1642 
1643 
1644 
1645 
1646 
1647 
1648 
1649 
1650 
18035 
1651 
18036 
1652 
18037 
1653 
18038 
1654 
18039 
1655 
18040 
1656 
18041 
1657 
18042 
1658 
18043 
1659 
18044 
1660 
18045 
1661 
18046 
1662 
18047 
1663 
18048 
1664 
18049 
1665 
18050 
1666 
18051 
1667 
18052 
1668 
18053 
1669 
18054 
18055 
18056 
18057 
18058 
18059 
18060 
18061 
18062 
18063 
18064 
18065 
18066 
18067 
18068 
18069 
1735 
1736 
1737 
1738 
1739 
1740 
1741 
1742 
1743 
1744 
1745 
1746 
1747 
1748 
1749 
1750 
18135 
1751 
18136 
1752 
18137 
1753 
18138 
1754 
18139 
1755 
18140 
1756 
18141 
1757 
18142 
1758 
18143 
1759 
18144 
1760 
18145 
1761 
18146 
1762 
18147 
1763 
18148 
1764 
18149 
1765 
18150 
1766 
18151 
1767 
18152 
1768 
18153 
1769 
18154 
18155 
18156 
18157 
18158 
18159 
18160 
18161 
18162 
18163 
18164 
18165 
18166 
18167 
18168 
18169 
1835 
1836 
1837 
1838 
1839 
1840 
1841 
1842 
1843 
1844 
1845 
1846 
1847 
1848 
1849 
1850 
18235 
1851 
18236 
1852 
18237 
1853 
18238 
1854 
18239 
1855 
18240 
1856 
18241 
1857 
18242 
1858 
18243 
1859 
18244 
1860 
18245 
1861 
18246 
1862 
18247 
1863 
18248 
1864 
18249 
1865 
18250 
1866 
18251 
1867 
18252 
1868 
18253 
1869 
18254 
18255 
18256 
18257 
18258 
18259 
18260 
18261 
18262 
18263 
18264 
18265 
18266 
18267 
18268 
18269 
1935 
1936 
1937 
1938 
1939 
1940 
1941 
1942 
1943 
1944 
1945 
1946 
1947 
1948 
1949 
1950 
18335 
1951 
18336 
1952 
18337 
1953 
18338 
1954 
18339 
1955 
18340 
1956 
18341 
1957 
18342 
1958 
18343 
1959 
18344 
1960 
18345 
1961 
18346 
1962 
18347 
1963 
18348 
1964 
18349 
1965 
18350 
1966 
18351 
1967 
18352 
1968 
18353 
1969 
18354 
18355 
18356 
18357 
18358 
18359 
18360 
18361 
18362 
18363 
18364 
18365 
18366 
18367 
18368 
18369 
2035 
2036 
2037 
2038 
2039 
2040 
2041 
2042 
2043 
2044 
2045 
2046 
2047 
2048 
2049 
2050 
18435 
2051 
18436 
2052 
18437 
2053 
18438 
2054 
18439 
2055 
18440 
2056 
18441 
2057 
18442 
2058 
18443 
2059 
18444 
2060 
18445 
2061 
18446 
2062 
18447 
2063 
18448 
2064 
18449 
2065 
18450 
2066 
18451 
2067 
18452 
2068 
18453 
2069 
18454 
18455 
18456 
18457 
18458 
18459 
18460 
18461 
18462 
18463 
18464 
18465 
18466 
18467 
18468 
18469 
2135 
2136 
2137 
2138 
2139 
2140 
2141 
2142 
2143 
2144 
2145 
2146 
2147 
2148 
2149 
2150 
18535 
2151 
18536 
2152 
18537 
2153 
18538 
2154 
18539 
2155 
18540 
2156 
18541 
2157 
18542 
2158 
18543 
2159 
18544 
2160 
18545 
2161 
18546 
2162 
18547 
2163 
18548 
2164 
18549 
2165 
18550 
2166 
18551 
2167 
18552 
2168 
18553 
2169 
18554 
18555 
18556 
18557 
18558 
18559 
18560 
18561 
18562 
18563 
18564 
18565 
18566 
18567 
18568 
18569 
2235 
2236 
2237 
2238 
2239 
2240 
2241 
2242 
2243 
2244 
2245 
2246 
2247 
2248 
2249 
2250 
18635 
2251 
18636 
2252 
18637 
2253 
18638 
2254 
18639 
2255 
18640 
2256 
18641 
2257 
18642 
2258 
18643 
2259 
18644 
2260 
18645 
2261 
18646 
2262 
18647 
2263 
18648 
2264 
18649 
2265 
18650 
2266 
18651 
2267 
18652 
2268 
18653 
2269 
18654 
18655 
18656 
18657 
18658 
18659 
18660 
18661 
18662 
18663 
18664 
18665 
18666 
18667 
18668 
18669 
2335 
2336 
2337 
2338 
2339 
2340 
2341 
2342 
2343 
2344 
2345 
2346 
2347 
2348 
2349 
2350 
18735 
2351 
18736 
2352 
18737 
2353 
18738 
2354 
18739 
2355 
18740 
2356 
18741 
2357 
18742 
2358 
18743 
2359 
18744 
2360 
18745 
2361 
18746 
2362 
18747 
2363 
18748 
2364 
18749 
2365 
18750 
2366 
18751 
2367 
18752 
2368 
18753 
2369 
18754 
18755 
18756 
18757 
18758 
18759 
18760 
18761 
18762 
18763 
18764 
18765 
18766 
18767 
18768 
18769 
2435 
2436 
2437 
2438 
2439 
2440 
2441 
2442 
2443 
2444 
2445 
2446 
2447 
2448 
2449 
2450 
18835 
2451 
18836 
2452 
18837 
2453 
18838 
2454 
18839 
2455 
18840 
2456 
18841 
2457 
18842 
2458 
18843 
2459 
18844 
2460 
18845 
2461 
18846 
2462 
18847 
2463 
18848 
2464 
18849 
2465 
18850 
2466 
18851 
2467 
18852 
2468 
18853 
2469 
18854 
18855 
18856 
18857 
18858 
18859 
18860 
18861 
18862 
18863 
18864 
18865 
18866 
18867 
18868 
18869 
2535 
2536 
2537 
2538 
2539 
2540 
2541 
2542 
2543 
2544 
2545 
2546 
2547 
2548 
2549 
2550 
18935 
2551 
18936 
2552 
18937 
2553 
18938 
2554 
18939 
2555 
18940 
2556 
18941 
2557 
18942 
2558 
18943 
2559 
18944 
2560 
18945 
2561 
18946 
2562 
18947 
2563 
18948 
2564 
18949 
2565 
18950 
2566 
18951 
2567 
18952 
2568 
18953 
2569 
18954 
18955 
18956 
18957 
18958 
18959 
18960 
18961 
18962 
18963 
18964 
18965 
18966 
18967 
18968 
18969 
2635 
2636 
2637 
2638 
2639 
2640 
2641 
2642 
2643 
2644 
2645 
2646 
2647 
2648 
2649 
2650 
19035 
2651 
19036 
2652 
19037 
2653 
19038 
2654 
19039 
2655 
19040 
2656 
19041 
2657 
19042 
2658 
19043 
2659 
19044 
2660 
19045 
2661 
19046 
2662 
19047 
2663 
19048 
2664 
19049 
2665 
19050 
2666 
19051 
2667 
19052 
2668 
19053 
2669 
19054 
19055 
19056 
19057 
19058 
19059 
19060 
19061 
19062 
19063 
19064 
19065 
19066 
19067 
19068 
19069 
2735 
2736 
2737 
2738 
2739 
2740 
2741 
2742 
2743 
2744 
2745 
2746 
2747 
2748 
2749 
2750 
19135 
2751 
19136 
2752 
19137 
2753 
19138 
2754 
19139 
2755 
19140 
2756 
19141 
2757 
19142 
2758 
19143 
2759 
19144 
2760 
19145 
2761 
19146 
2762 
19147 
2763 
19148 
2764 
19149 
2765 
19150 
2766 
19151 
2767 
19152 
2768 
19153 
2769 
19154 
19155 
19156 
19157 
19158 
19159 
19160 
19161 
19162 
19163 
19164 
19165 
19166 
19167 
19168 
19169 
2835 
2836 
2837 
2838 
2839 
2840 
2841 
2842 
2843 
2844 
2845 
2846 
2847 
2848 
2849 
2850 
19235 
2851 
19236 
2852 
19237 
2853 
19238 
2854 
19239 
2855 
19240 
2856 
19241 
2857 
19242 
2858 
19243 
2859 
19244 
2860 
19245 
2861 
19246 
2862 
19247 
2863 
19248 
2864 
19249 
2865 
19250 
2866 
19251 
2867 
19252 
2868 
19253 
2869 
19254 
19255 
19256 
19257 
19258 
19259 
19260 
19261 
19262 
19263 
19264 
19265 
19266 
19267 
19268 
19269 
2935 
2936 
2937 
2938 
2939 
2940 
2941 
2942 
2943 
2944 
2945 
2946 
2947 
2948 
2949 
2950 
19335 
2951 
19336 
2952 
19337 
2953 
19338 
2954 
19339 
2955 
19340 
2956 
19341 
2957 
19342 
2958 
19343 
2959 
19344 
2960 
19345 
2961 
19346 
2962 
19347 
2963 
19348 
2964 
19349 
2965 
19350 
2966 
19351 
2967 
19352 
2968 
19353 
2969 
19354 
19355 
19356 
19357 
19358 
19359 
19360 
19361 
19362 
19363 
19364 
19365 
19366 
19367 
19368 
19369 
3035 
3036 
3037 
3038 
3039 
3040 
3041 
3042 
3043 
3044 
3045 
3046 
3047 
3048 
3049 
3050 
19435 
3051 
19436 
3052 
19437 
3053 
19438 
3054 
19439 
3055 
19440 
3056 
19441 
3057 
19442 
3058 
19443 
3059 
19444 
3060 
19445 
3061 
19446 
3062 
19447 
3063 
19448 
3064 
19449 
3065 
19450 
3066 
19451 
3067 
19452 
3068 
19453 
3069 
19454 
19455 
19456 
19457 
19458 
19459 
19460 
19461 
19462 
19463 
19464 
19465 
19466 
19467 
19468 
19469 
3135 
3136 
3137 
3138 
3139 
3140 
3141 
3142 
3143 
3144 
3145 
3146 
3147 
3148 
3149 
3150 
19535 
3151 
19536 
3152 
19537 
3153 
19538 
3154 
19539 
3155 
19540 
3156 
19541 
3157 
19542 
3158 
19543 
3159 
19544 
3160 
19545 
3161 
19546 
3162 
19547 
3163 
19548 
3164 
19549 
3165 
19550 
3166 
19551 
3167 
19552 
3168 
19553 
3169 
19554 
19555 
19556 
19557 
19558 
19559 
19560 
19561 
19562 
19563 
19564 
19565 
19566 
19567 
19568 
19569 
3235 
3236 
3237 
3238 
3239 
3240 
3241 
3242 
3243 
3244 
3245 
3246 
3247 
3248 
3249 
3250 
19635 
3251 
19636 
3252 
19637 
3253 
19638 
3254 
19639 
3255 
19640 
3256 
19641 
3257 
19642 
3258 
19643 
3259 
19644 
3260 
19645 
3261 
19646 
3262 
19647 
3263 
19648 
3264 
19649 
3265 
19650 
3266 
19651 
3267 
19652 
3268 
19653 
3269 
19654 
19655 
19656 
19657 
19658 
19659 
19660 
19661 
19662 
19663 
19664 
19665 
19666 
19667 
19668 
19669 
3335 
3336 
3337 
3338 
3339 
3340 
3341 
3342 
3343 
3344 
3345 
3346 
3347 
3348 
3349 
3350 
19735 
3351 
19736 
3352 
19737 
3353 
19738 
3354 
19739 
3355 
19740 
3356 
19741 
3357 
19742 
3358 
19743 
3359 
19744 
3360 
19745 
3361 
19746 
3362 
19747 
3363 
19748 
3364 
19749 
3365 
19750 
3366 
19751 
3367 
19752 
3368 
19753 
3369 
19754 
19755 
19756 
19757 
19758 
19759 
19760 
19761 
19762 
19763 
19764 
19765 
19766 
19767 
19768 
19769 
3435 
3436 
3437 
3438 
3439 
3440 
3441 
3442 
3443 
3444 
3445 
3446 
3447 
3448 
3449 
3450 
19835 
3451 
19836 
3452 
19837 
3453 
19838 
3454 
19839 
3455 
19840 
3456 
19841 
3457 
19842 
3458 
19843 
3459 
19844 
3460 
19845 
3461 
19846 
3462 
19847 
3463 
19848 
3464 
19849 
3465 
19850 
3466 
19851 
3467 
19852 
3468 
19853 
3469 
19854 
19855 
19856 
19857 
19858 
19859 
19860 
19861 
19862 
19863 
19864 
19865 
19866 
19867 
19868 
19869 
3535 
3536 
3537 
3538 
3539 
3540 
3541 
3542 
3543 
3544 
3545 
3546 
3547 
3548 
3549 
3550 
19935 
3551 
19936 
3552 
19937 
3553 
19938 
3554 
19939 
3555 
19940 
3556 
19941 
3557 
19942 
3558 
19943 
3559 
19944 
3560 
19945 
3561 
19946 
3562 
19947 
3563 
19948 
3564 
19949 
3565 
19950 
3566 
19951 
3567 
19952 
3568 
19953 
3569 
19954 
19955 
19956 
19957 
19958 
19959 
19960 
19961 
19962 
19963 
19964 
19965 
19966 
19967 
19968 
19969 
3635 
3636 
3637 
3638 
3639 
3640 
3641 
3642 
3643 
3644 
3645 
3646 
3647 
3648 
3649 
3650 
3651 
3652 
3653 
3654 
3655 
3656 
3657 
3658 
3659 
3660 
3661 
3662 
3663 
3664 
3665 
3666 
3667 
3668 
3669 
3735 
3736 
3737 
3738 
3739 
3740 
3741 
3742 
3743 
3744 
3745 
3746 
3747 
3748 
3749 
3750 
3751 
3752 
3753 
3754 
3755 
3756 
3757 
3758 
3759 
3760 
3761 
3762 
3763 
3764 
3765 
3766 
3767 
3768 
3769 
3835 
3836 
3837 
3838 
3839 
3840 
3841 
3842 
3843 
3844 
3845 
3846 
3847 
3848 
3849 
3850 
3851 
3852 
3853 
3854 
3855 
3856 
3857 
3858 
3859 
3860 
3861 
3862 
3863 
3864 
3865 
3866 
3867 
3868 
3869 
3935 
3936 
3937 
3938 
3939 
3940 
3941 
3942 
3943 
3944 
3945 
3946 
3947 
3948 
3949 
3950 
3951 
3952 
3953 
3954 
3955 
3956 
3957 
3958 
3959 
3960 
3961 
3962 
3963 
3964 
3965 
3966 
3967 
3968 
3969 
4035 
4036 
4037 
4038 
4039 
4040 
4041 
4042 
4043 
4044 
4045 
4046 
4047 
4048 
4049 
4050 
4051 
4052 
4053 
4054 
4055 
4056 
4057 
4058 
4059 
4060 
4061 
4062 
4063 
4064 
4065 
4066 
4067 
4068 
4069 
4135 
4136 
4137 
4138 
4139 
4140 
4141 
4142 
4143 
4144 
4145 
4146 
4147 
4148 
4149 
4150 
4151 
4152 
4153 
4154 
4155 
4156 
4157 
4158 
4159 
4160 
4161 
4162 
4163 
4164 
4165 
4166 
4167 
4168 
4169 
4235 
4236 
4237 
4238 
4239 
4240 
4241 
4242 
4243 
4244 
4245 
4246 
4247 
4248 
4249 
4250 
4251 
4252 
4253 
4254 
4255 
4256 
4257 
4258 
4259 
4260 
4261 
4262 
4263 
4264 
4265 
4266 
4267 
4268 
4269 
4335 
4336 
4337 
4338 
4339 
4340 
4341 
4342 
4343 
4344 
4345 
4346 
4347 
4348 
4349 
4350 
4351 
4352 
4353 
4354 
4355 
4356 
4357 
4358 
4359 
4360 
4361 
4362 
4363 
4364 
4365 
4366 
4367 
4368 
4369 
4435 
4436 
4437 
4438 
4439 
4440 
4441 
4442 
4443 
4444 
4445 
4446 
4447 
4448 
4449 
4450 
4451 
4452 
4453 
4454 
4455 
4456 
4457 
4458 
4459 
4460 
4461 
4462 
4463 
4464 
4465 
4466 
4467 
4468 
4469 
4535 
4536 
4537 
4538 
4539 
4540 
4541 
4542 
4543 
4544 
4545 
4546 
4547 
4548 
4549 
4550 
4551 
4552 
4553 
4554 
4555 
4556 
4557 
4558 
4559 
4560 
4561 
4562 
4563 
4564 
4565 
4566 
4567 
4568 
4569 
4635 
4636 
4637 
4638 
4639 
4640 
4641 
4642 
4643 
4644 
4645 
4646 
4647 
4648 
4649 
4650 
4651 
4652 
4653 
4654 
4655 
4656 
4657 
4658 
4659 
4660 
4661 
4662 
4663 
4664 
4665 
4666 
4667 
4668 
4669 
4735 
4736 
4737 
4738 
4739 
4740 
4741 
4742 
4743 
4744 
4745 
4746 
4747 
4748 
4749 
4750 
4751 
4752 
4753 
4754 
4755 
4756 
4757 
4758 
4759 
4760 
4761 
4762 
4763 
4764 
4765 
4766 
4767 
4768 
4769 
4835 
4836 
4837 
4838 
4839 
4840 
4841 
4842 
4843 
4844 
4845 
4846 
4847 
4848 
4849 
4850 
4851 
4852 
4853 
4854 
4855 
4856 
4857 
4858 
4859 
4860 
4861 
4862 
4863 
4864 
4865 
4866 
4867 
4868 
4869 
4935 
4936 
4937 
4938 
4939 
4940 
4941 
4942 
4943 
4944 
4945 
4946 
4947 
4948 
4949 
4950 
4951 
4952 
4953 
4954 
4955 
4956 
4957 
4958 
4959 
4960 
4961 
4962 
4963 
4964 
4965 
4966 
4967 
4968 
4969 
5035 
5036 
5037 
5038 
5039 
5040 
5041 
5042 
5043 
5044 
5045 
5046 
5047 
5048 
5049 
5050 
5051 
5052 
5053 
5054 
5055 
5056 
5057 
5058 
5059 
5060 
5061 
5062 
5063 
5064 
5065 
5066 
5067 
5068 
5069 
5135 
5136 
5137 
5138 
5139 
5140 
5141 
5142 
5143 
5144 
5145 
5146 
5147 
5148 
5149 
5150 
5151 
5152 
5153 
5154 
5155 
5156 
5157 
5158 
5159 
5160 
5161 
5162 
5163 
5164 
5165 
5166 
5167 
5168 
5169 
5235 
5236 
5237 
5238 
5239 
5240 
5241 
5242 
5243 
5244 
5245 
5246 
5247 
5248 
5249 
5250 
5251 
5252 
5253 
5254 
5255 
5256 
5257 
5258 
5259 
5260 
5261 
5262 
5263 
5264 
5265 
5266 
5267 
5268 
5269 
5335 
5336 
5337 
5338 
5339 
5340 
5341 
5342 
5343 
5344 
5345 
5346 
5347 
5348 
5349 
5350 
5351 
5352 
5353 
5354 
5355 
5356 
5357 
5358 
5359 
5360 
5361 
5362 
5363 
5364 
5365 
5366 
5367 
5368 
5369 
5435 
5436 
5437 
5438 
5439 
5440 
5441 
5442 
5443 
5444 
5445 
5446 
5447 
5448 
5449 
5450 
5451 
5452 
5453 
5454 
5455 
5456 
5457 
5458 
5459 
5460 
5461 
5462 
5463 
5464 
5465 
5466 
5467 
5468 
5469 
5535 
5536 
5537 
5538 
5539 
5540 
5541 
5542 
5543 
5544 
5545 
5546 
5547 
5548 
5549 
5550 
5551 
5552 
5553 
5554 
5555 
5556 
5557 
5558 
5559 
5560 
5561 
5562 
5563 
5564 
5565 
5566 
5567 
5568 
5569 
5635 
5636 
5637 
5638 
5639 
5640 
5641 
5642 
5643 
5644 
5645 
5646 
5647 
5648 
5649 
5650 
5651 
5652 
5653 
5654 
5655 
5656 
5657 
5658 
5659 
5660 
5661 
5662 
5663 
5664 
5665 
5666 
5667 
5668 
5669 
5735 
5736 
5737 
5738 
5739 
5740 
5741 
5742 
5743 
5744 
5745 
5746 
5747 
5748 
5749 
5750 
5751 
5752 
5753 
5754 
5755 
5756 
5757 
5758 
5759 
5760 
5761 
5762 
5763 
5764 
5765 
5766 
5767 
5768 
5769 
5835 
5836 
5837 
5838 
5839 
5840 
5841 
5842 
5843 
5844 
5845 
5846 
5847 
5848 
5849 
5850 
5851 
5852 
5853 
5854 
5855 
5856 
5857 
5858 
5859 
5860 
5861 
5862 
5863 
5864 
5865 
5866 
5867 
5868 
5869 
5935 
5936 
5937 
5938 
5939 
5940 
5941 
5942 
5943 
5944 
5945 
5946 
5947 
5948 
5949 
5950 
5951 
5952 
5953 
5954 
5955 
5956 
5957 
5958 
5959 
5960 
5961 
5962 
5963 
5964 
5965 
5966 
5967 
5968 
5969 
6035 
6036 
6037 
6038 
6039 
6040 
6041 
6042 
6043 
6044 
6045 
6046 
6047 
6048 
6049 
6050 
6051 
6052 
6053 
6054 
6055 
6056 
6057 
6058 
6059 
6060 
6061 
6062 
6063 
6064 
6065 
6066 
6067 
6068 
6069 
6135 
6136 
6137 
6138 
6139 
6140 
6141 
6142 
6143 
6144 
6145 
6146 
6147 
6148 
6149 
6150 
6151 
6152 
6153 
6154 
6155 
6156 
6157 
6158 
6159 
6160 
6161 
6162 
6163 
6164 
6165 
6166 
6167 
6168 
6169 
6235 
6236 
6237 
6238 
6239 
6240 
6241 
6242 
6243 
6244 
6245 
6246 
6247 
6248 
6249 
6250 
6251 
6252 
6253 
6254 
6255 
6256 
6257 
6258 
6259 
6260 
6261 
6262 
6263 
6264 
6265 
6266 
6267 
6268 
6269 
6335 
6336 
6337 
6338 
6339 
6340 
6341 
6342 
6343 
6344 
6345 
6346 
6347 
6348 
6349 
6350 
6351 
6352 
6353 
6354 
6355 
6356 
6357 
6358 
6359 
6360 
6361 
6362 
6363 
6364 
6365 
6366 
6367 
6368 
6369 
6435 
6436 
6437 
6438 
6439 
6440 
6441 
6442 
6443 
6444 
6445 
6446 
6447 
6448 
6449 
6450 
6451 
6452 
6453 
6454 
6455 
6456 
6457 
6458 
6459 
6460 
6461 
6462 
6463 
6464 
6465 
6466 
6467 
6468 
6469 
6535 
6536 
6537 
6538 
6539 
6540 
6541 
6542 
6543 
6544 
6545 
6546 
6547 
6548 
6549 
6550 
6551 
6552 
6553 
6554 
6555 
6556 
6557 
6558 
6559 
6560 
6561 
6562 
6563 
6564 
6565 
6566 
6567 
6568 
6569 
6635 
6636 
6637 
6638 
6639 
6640 
6641 
6642 
6643 
6644 
6645 
6646 
6647 
6648 
6649 
6650 
6651 
6652 
6653 
6654 
6655 
6656 
6657 
6658 
6659 
6660 
6661 
6662 
6663 
6664 
6665 
6666 
6667 
6668 
6669 
6735 
6736 
6737 
6738 
6739 
6740 
6741 
6742 
6743 
6744 
6745 
6746 
6747 
6748 
6749 
6750 
6751 
6752 
6753 
6754 
6755 
6756 
6757 
6758 
6759 
6760 
6761 
6762 
6763 
6764 
6765 
6766 
6767 
6768 
6769 
6835 
6836 
6837 
6838 
6839 
6840 
6841 
6842 
6843 
6844 
6845 
6846 
6847 
6848 
6849 
6850 
6851 
6852 
6853 
6854 
6855 
6856 
6857 
6858 
6859 
6860 
6861 
6862 
6863 
6864 
6865 
6866 
6867 
6868 
6869 
6935 
6936 
6937 
6938 
6939 
6940 
6941 
6942 
6943 
6944 
6945 
6946 
6947 
6948 
6949 
6950 
6951 
6952 
6953 
6954 
6955 
6956 
6957 
6958 
6959 
6960 
6961 
6962 
6963 
6964 
6965 
6966 
6967 
6968 
6969 
7035 
7036 
7037 
7038 
7039 
7040 
7041 
7042 
7043 
7044 
7045 
7046 
7047 
7048 
7049 
7050 
7051 
7052 
7053 
7054 
7055 
7056 
7057 
7058 
7059 
7060 
7061 
7062 
7063 
7064 
7065 
7066 
7067 
7068 
7069 
7135 
7136 
7137 
7138 
7139 
7140 
7141 
7142 
7143 
7144 
7145 
7146 
7147 
7148 
7149 
7150 
7151 
7152 
7153 
7154 
7155 
7156 
7157 
7158 
7159 
7160 
7161 
7162 
7163 
7164 
7165 
7166 
7167 
7168 
7169 
7235 
7236 
7237 
7238 
7239 
7240 
7241 
7242 
7243 
7244 
7245 
7246 
7247 
7248 
7249 
7250 
7251 
7252 
7253 
7254 
7255 
7256 
7257 
7258 
7259 
7260 
7261 
7262 
7263 
7264 
7265 
7266 
7267 
7268 
7269 
7335 
7336 
7337 
7338 
7339 
7340 
7341 
7342 
7343 
7344 
7345 
7346 
7347 
7348 
7349 
7350 
7351 
7352 
7353 
7354 
7355 
7356 
7357 
7358 
7359 
7360 
7361 
7362 
7363 
7364 
7365 
7366 
7367 
7368 
7369 
7435 
7436 
7437 
7438 
7439 
7440 
7441 
7442 
7443 
7444 
7445 
7446 
7447 
7448 
7449 
7450 
7451 
7452 
7453 
7454 
7455 
7456 
7457 
7458 
7459 
7460 
7461 
7462 
7463 
7464 
7465 
7466 
7467 
7468 
7469 
7535 
7536 
7537 
7538 
7539 
7540 
7541 
7542 
7543 
7544 
7545 
7546 
7547 
7548 
7549 
7550 
7551 
7552 
7553 
7554 
7555 
7556 
7557 
7558 
7559 
7560 
7561 
7562 
7563 
7564 
7565 
7566 
7567 
7568 
7569 
7635 
7636 
7637 
7638 
7639 
7640 
7641 
7642 
7643 
7644 
7645 
7646 
7647 
7648 
7649 
7650 
7651 
7652 
7653 
7654 
7655 
7656 
7657 
7658 
7659 
7660 
7661 
7662 
7663 
7664 
7665 
7666 
7667 
7668 
7669 
7735 
7736 
7737 
7738 
7739 
7740 
7741 
7742 
7743 
7744 
7745 
7746 
7747 
7748 
7749 
7750 
7751 
7752 
7753 
7754 
7755 
7756 
7757 
7758 
7759 
7760 
7761 
7762 
7763 
7764 
7765 
7766 
7767 
7768 
7769 
7835 
7836 
7837 
7838 
7839 
7840 
7841 
7842 
7843 
7844 
7845 
7846 
7847 
7848 
7849 
7850 
7851 
7852 
7853 
7854 
7855 
7856 
7857 
7858 
7859 
7860 
7861 
7862 
7863 
7864 
7865 
7866 
7867 
7868 
7869 
7935 
7936 
7937 
7938 
7939 
7940 
7941 
7942 
7943 
7944 
7945 
7946 
7947 
7948 
7949 
7950 
7951 
7952 
7953 
7954 
7955 
7956 
7957 
7958 
7959 
7960 
7961 
7962 
7963 
7964 
7965 
7966 
7967 
7968 
7969 
8035 
8036 
8037 
8038 
8039 
8040 
8041 
8042 
8043 
8044 
8045 
8046 
8047 
8048 
8049 
8050 
8051 
8052 
8053 
8054 
8055 
8056 
8057 
8058 
8059 
8060 
8061 
8062 
8063 
8064 
8065 
8066 
8067 
8068 
8069 
8135 
8136 
8137 
8138 
8139 
8140 
8141 
8142 
8143 
8144 
8145 
8146 
8147 
8148 
8149 
8150 
8151 
8152 
8153 
8154 
8155 
8156 
8157 
8158 
8159 
8160 
8161 
8162 
8163 
8164 
8165 
8166 
8167 
8168 
8169 
8235 
8236 
8237 
8238 
8239 
8240 
8241 
8242 
8243 
8244 
8245 
8246 
8247 
8248 
8249 
8250 
8251 
8252 
8253 
8254 
8255 
8256 
8257 
8258 
8259 
8260 
8261 
8262 
8263 
8264 
8265 
8266 
8267 
8268 
8269 
8335 
8336 
8337 
8338 
8339 
8340 
8341 
8342 
8343 
8344 
8345 
8346 
8347 
8348 
8349 
8350 
8351 
8352 
8353 
8354 
8355 
8356 
8357 
8358 
8359 
8360 
8361 
8362 
8363 
8364 
8365 
8366 
8367 
8368 
8369 
8435 
8436 
8437 
8438 
8439 
8440 
8441 
8442 
8443 
8444 
8445 
8446 
8447 
8448 
8449 
8450 
8451 
8452 
8453 
8454 
8455 
8456 
8457 
8458 
8459 
8460 
8461 
8462 
8463 
8464 
8465 
8466 
8467 
8468 
8469 
8535 
8536 
8537 
8538 
8539 
8540 
8541 
8542 
8543 
8544 
8545 
8546 
8547 
8548 
8549 
8550 
8551 
8552 
8553 
8554 
8555 
8556 
8557 
8558 
8559 
8560 
8561 
8562 
8563 
8564 
8565 
8566 
8567 
8568 
8569 
8635 
8636 
8637 
8638 
8639 
8640 
8641 
8642 
8643 
8644 
8645 
8646 
8647 
8648 
8649 
8650 
8651 
8652 
8653 
8654 
8655 
8656 
8657 
8658 
8659 
8660 
8661 
8662 
8663 
8664 
8665 
8666 
8667 
8668 
8669 
8735 
8736 
8737 
8738 
8739 
8740 
8741 
8742 
8743 
8744 
8745 
8746 
8747 
8748 
8749 
8750 
8751 
8752 
8753 
8754 
8755 
8756 
8757 
8758 
8759 
8760 
8761 
8762 
8763 
8764 
8765 
8766 
8767 
8768 
8769 
8835 
8836 
8837 
8838 
8839 
8840 
8841 
8842 
8843 
8844 
8845 
8846 
8847 
8848 
8849 
8850 
8851 
8852 
8853 
8854 
8855 
8856 
8857 
8858 
8859 
8860 
8861 
8862 
8863 
8864 
8865 
8866 
8867 
8868 
8869 
8935 
8936 
8937 
8938 
8939 
8940 
8941 
8942 
8943 
8944 
8945 
8946 
8947 
8948 
8949 
8950 
8951 
8952 
8953 
8954 
8955 
8956 
8957 
8958 
8959 
8960 
8961 
8962 
8963 
8964 
8965 
8966 
8967 
8968 
8969 
9035 
9036 
9037 
9038 
9039 
9040 
9041 
9042 
9043 
9044 
9045 
9046 
9047 
9048 
9049 
9050 
9051 
9052 
9053 
9054 
9055 
9056 
9057 
9058 
9059 
9060 
9061 
9062 
9063 
9064 
9065 
9066 
9067 
9068 
9069 
9135 
9136 
9137 
9138 
9139 
9140 
9141 
9142 
9143 
9144 
9145 
9146 
9147 
9148 
9149 
9150 
9151 
9152 
9153 
9154 
9155 
9156 
9157 
9158 
9159 
9160 
9161 
9162 
9163 
9164 
9165 
9166 
9167 
9168 
9169 
9235 
9236 
9237 
9238 
9239 
9240 
9241 
9242 
9243 
9244 
9245 
9246 
9247 
9248 
9249 
9250 
9251 
9252 
9253 
9254 
9255 
9256 
9257 
9258 
9259 
9260 
9261 
9262 
9263 
9264 
9265 
9266 
9267 
9268 
9269 
9335 
9336 
9337 
9338 
9339 
9340 
9341 
9342 
9343 
9344 
9345 
9346 
9347 
9348 
9349 
9350 
9351 
9352 
9353 
9354 
9355 
9356 
9357 
9358 
9359 
9360 
9361 
9362 
9363 
9364 
9365 
9366 
9367 
9368 
9369 
9435 
9436 
9437 
9438 
9439 
9440 
9441 
9442 
9443 
9444 
9445 
9446 
9447 
9448 
9449 
9450 
9451 
9452 
9453 
9454 
9455 
9456 
9457 
9458 
9459 
9460 
9461 
9462 
9463 
9464 
9465 
9466 
9467 
9468 
9469 
9535 
9536 
9537 
9538 
9539 
9540 
9541 
9542 
9543 
9544 
9545 
9546 
9547 
9548 
9549 
9550 
9551 
9552 
9553 
9554 
9555 
9556 
9557 
9558 
9559 
9560 
9561 
9562 
9563 
9564 
9565 
9566 
9567 
9568 
9569 
9635 
9636 
9637 
9638 
9639 
9640 
9641 
9642 
9643 
9644 
9645 
9646 
9647 
9648 
9649 
9650 
9651 
9652 
9653 
9654 
9655 
9656 
9657 
9658 
9659 
9660 
9661 
9662 
9663 
9664 
9665 
9666 
9667 
9668 
9669 
9735 
9736 
9737 
9738 
9739 
9740 
9741 
9742 
9743 
9744 
9745 
9746 
9747 
9748 
9749 
9750 
9751 
9752 
9753 
9754 
9755 
9756 
9757 
9758 
9759 
9760 
9761 
9762 
9763 
9764 
9765 
9766 
9767 
9768 
9769 
9835 
9836 
9837 
9838 
9839 
9840 
9841 
9842 
9843 
9844 
9845 
9846 
9847 
9848 
9849 
9850 
9851 
9852 
9853 
9854 
9855 
9856 
9857 
9858 
9859 
9860 
9861 
9862 
9863 
9864 
9865 
9866 
9867 
9868 
9869 
9935 
9936 
9937 
9938 
9939 
9940 
9941 
9942 
9943 
9944 
9945 
9946 
9947 
9948 
9949 
9950 
9951 
9952 
9953 
9954 
9955 
9956 
9957 
9958 
9959 
9960 
9961 
9962 
9963 
9964 
9965 
9966 
9967 
9968 
9969 
10035 
10036 
10037 
10038 
10039 
10040 
10041 
10042 
10043 
10044 
10045 
10046 
10047 
10048 
10049 
10050 
10051 
10052 
10053 
10054 
10055 
10056 
10057 
10058 
10059 
10060 
10061 
10062 
10063 
10064 
10065 
10066 
10067 
10068 
10069 
10135 
10136 
10137 
10138 
10139 
10140 
10141 
10142 
10143 
10144 
10145 
10146 
10147 
10148 
10149 
10150 
10151 
10152 
10153 
10154 
10155 
10156 
10157 
10158 
10159 
10160 
10161 
10162 
10163 
10164 
10165 
10166 
10167 
10168 
10169 
10235 
10236 
10237 
10238 
10239 
10240 
10241 
10242 
10243 
10244 
10245 
10246 
10247 
10248 
10249 
10250 
10251 
10252 
10253 
10254 
10255 
10256 
10257 
10258 
10259 
10260 
10261 
10262 
10263 
10264 
10265 
10266 
10267 
10268 
10269 
10335 
10336 
10337 
10338 
10339 
10340 
10341 
10342 
10343 
10344 
10345 
10346 
10347 
10348 
10349 
10350 
10351 
10352 
10353 
10354 
10355 
10356 
10357 
10358 
10359 
10360 
10361 
10362 
10363 
10364 
10365 
10366 
10367 
10368 
10369 
10435 
10436 
10437 
10438 
10439 
10440 
10441 
10442 
10443 
10444 
10445 
10446 
10447 
10448 
10449 
10450 
10451 
10452 
10453 
10454 
10455 
10456 
10457 
10458 
10459 
10460 
10461 
10462 
10463 
10464 
10465 
10466 
10467 
10468 
10469 
10535 
10536 
10537 
10538 
10539 
10540 
10541 
10542 
10543 
10544 
10545 
10546 
10547 
10548 
10549 
10550 
10551 
10552 
10553 
10554 
10555 
10556 
10557 
10558 
10559 
10560 
10561 
10562 
10563 
10564 
10565 
10566 
10567 
10568 
10569 
10635 
10636 
10637 
10638 
10639 
10640 
10641 
10642 
10643 
10644 
10645 
10646 
10647 
10648 
10649 
10650 
10651 
10652 
10653 
10654 
10655 
10656 
10657 
10658 
10659 
10660 
10661 
10662 
10663 
10664 
10665 
10666 
10667 
10668 
10669 
10735 
10736 
10737 
10738 
10739 
10740 
10741 
10742 
10743 
10744 
10745 
10746 
10747 
10748 
10749 
10750 
10751 
10752 
10753 
10754 
10755 
10756 
10757 
10758 
10759 
10760 
10761 
10762 
10763 
10764 
10765 
10766 
10767 
10768 
10769 
10835 
10836 
10837 
10838 
10839 
10840 
10841 
10842 
10843 
10844 
10845 
10846 
10847 
10848 
10849 
10850 
10851 
10852 
10853 
10854 
10855 
10856 
10857 
10858 
10859 
10860 
10861 
10862 
10863 
10864 
10865 
10866 
10867 
10868 
10869 
10935 
10936 
10937 
10938 
10939 
10940 
10941 
10942 
10943 
10944 
10945 
10946 
10947 
10948 
10949 
10950 
10951 
10952 
10953 
10954 
10955 
10956 
10957 
10958 
10959 
10960 
10961 
10962 
10963 
10964 
10965 
10966 
10967 
10968 
10969 
11035 
11036 
11037 
11038 
11039 
11040 
11041 
11042 
11043 
11044 
11045 
11046 
11047 
11048 
11049 
11050 
11051 
11052 
11053 
11054 
11055 
11056 
11057 
11058 
11059 
11060 
11061 
11062 
11063 
11064 
11065 
11066 
11067 
11068 
11069 
11135 
11136 
11137 
11138 
11139 
11140 
11141 
11142 
11143 
11144 
11145 
11146 
11147 
11148 
11149 
11150 
11151 
11152 
11153 
11154 
11155 
11156 
11157 
11158 
11159 
11160 
11161 
11162 
11163 
11164 
11165 
11166 
11167 
11168 
11169 
11235 
11236 
11237 
11238 
11239 
11240 
11241 
11242 
11243 
11244 
11245 
11246 
11247 
11248 
11249 
11250 
11251 
11252 
11253 
11254 
11255 
11256 
11257 
11258 
11259 
11260 
11261 
11262 
11263 
11264 
11265 
11266 
11267 
11268 
11269 
11335 
11336 
11337 
11338 
11339 
11340 
11341 
11342 
11343 
11344 
11345 
11346 
11347 
11348 
11349 
11350 
11351 
11352 
11353 
11354 
11355 
11356 
11357 
11358 
11359 
11360 
11361 
11362 
11363 
11364 
11365 
11366 
11367 
11368 
11369 
11435 
11436 
11437 
11438 
11439 
11440 
11441 
11442 
11443 
11444 
11445 
11446 
11447 
11448 
11449 
11450 
11451 
11452 
11453 
11454 
11455 
11456 
11457 
11458 
11459 
11460 
11461 
11462 
11463 
11464 
11465 
11466 
11467 
11468 
11469 
11535 
11536 
11537 
11538 
11539 
11540 
11541 
11542 
11543 
11544 
11545 
11546 
11547 
11548 
11549 
11550 
11551 
11552 
11553 
11554 
11555 
11556 
11557 
11558 
11559 
11560 
11561 
11562 
11563 
11564 
11565 
11566 
11567 
11568 
11569 
11635 
11636 
11637 
11638 
11639 
11640 
11641 
11642 
11643 
11644 
11645 
11646 
11647 
11648 
11649 
11650 
11651 
11652 
11653 
11654 
11655 
11656 
11657 
11658 
11659 
11660 
11661 
11662 
11663 
11664 
11665 
11666 
11667 
11668 
11669 
11735 
11736 
11737 
11738 
11739 
11740 
11741 
11742 
11743 
11744 
11745 
11746 
11747 
11748 
11749 
11750 
11751 
11752 
11753 
11754 
11755 
11756 
11757 
11758 
11759 
11760 
11761 
11762 
11763 
11764 
11765 
11766 
11767 
11768 
11769 
11835 
11836 
11837 
11838 
11839 
11840 
11841 
11842 
11843 
11844 
11845 
11846 
11847 
11848 
11849 
11850 
11851 
11852 
11853 
11854 
11855 
11856 
11857 
11858 
11859 
11860 
11861 
11862 
11863 
11864 
11865 
11866 
11867 
11868 
11869 
11935 
11936 
11937 
11938 
11939 
11940 
11941 
11942 
11943 
11944 
11945 
11946 
11947 
11948 
11949 
11950 
11951 
11952 
11953 
11954 
11955 
11956 
11957 
11958 
11959 
11960 
11961 
11962 
11963 
11964 
11965 
11966 
11967 
11968 
11969 
12035 
12036 
12037 
12038 
12039 
12040 
12041 
12042 
12043 
12044 
12045 
12046 
12047 
12048 
12049 
12050 
12051 
12052 
12053 
12054 
12055 
12056 
12057 
12058 
12059 
12060 
12061 
12062 
12063 
12064 
12065 
12066 
12067 
12068 
12069 
12135 
12136 
12137 
12138 
12139 
12140 
12141 
12142 
12143 
12144 
12145 
12146 
12147 
12148 
12149 
12150 
12151 
12152 
12153 
12154 
12155 
12156 
12157 
12158 
12159 
12160 
12161 
12162 
12163 
12164 
12165 
12166 
12167 
12168 
12169 
12235 
12236 
12237 
12238 
12239 
12240 
12241 
12242 
12243 
12244 
12245 
12246 
12247 
12248 
12249 
12250 
12251 
12252 
12253 
12254 
12255 
12256 
12257 
12258 
12259 
12260 
12261 
12262 
12263 
12264 
12265 
12266 
12267 
12268 
12269 
12335 
12336 
12337 
12338 
12339 
12340 
12341 
12342 
12343 
12344 
12345 
12346 
12347 
12348 
12349 
12350 
12351 
12352 
12353 
12354 
12355 
12356 
12357 
12358 
12359 
12360 
12361 
12362 
12363 
12364 
12365 
12366 
12367 
12368 
12369 
12435 
12436 
12437 
12438 
12439 
12440 
12441 
12442 
12443 
12444 
12445 
12446 
12447 
12448 
12449 
12450 
12451 
12452 
12453 
12454 
12455 
12456 
12457 
12458 
12459 
12460 
12461 
12462 
12463 
12464 
12465 
12466 
12467 
12468 
12469 
12535 
12536 
12537 
12538 
12539 
12540 
12541 
12542 
12543 
12544 
12545 
12546 
12547 
12548 
12549 
12550 
12551 
12552 
12553 
12554 
12555 
12556 
12557 
12558 
12559 
12560 
12561 
12562 
12563 
12564 
12565 
12566 
12567 
12568 
12569 
12635 
12636 
12637 
12638 
12639 
12640 
12641 
12642 
12643 
12644 
12645 
12646 
12647 
12648 
12649 
12650 
12651 
12652 
12653 
12654 
12655 
12656 
12657 
12658 
12659 
12660 
12661 
12662 
12663 
12664 
12665 
12666 
12667 
12668 
12669 
12735 
12736 
12737 
12738 
12739 
12740 
12741 
12742 
12743 
12744 
12745 
12746 
12747 
12748 
12749 
12750 
12751 
12752 
12753 
12754 
12755 
12756 
12757 
12758 
12759 
12760 
12761 
12762 
12763 
12764 
12765 
12766 
12767 
12768 
12769 
12835 
12836 
12837 
12838 
12839 
12840 
12841 
12842 
12843 
12844 
12845 
12846 
12847 
12848 
12849 
12850 
12851 
12852 
12853 
12854 
12855 
12856 
12857 
12858 
12859 
12860 
12861 
12862 
12863 
12864 
12865 
12866 
12867 
12868 
12869 
12935 
12936 
12937 
12938 
12939 
12940 
12941 
12942 
12943 
12944 
12945 
12946 
12947 
12948 
12949 
12950 
12951 
12952 
12953 
12954 
12955 
12956 
12957 
12958 
12959 
12960 
12961 
12962 
12963 
12964 
12965 
12966 
12967 
12968 
12969 
13035 
13036 
13037 
13038 
13039 
13040 
13041 
13042 
13043 
13044 
13045 
13046 
13047 
13048 
13049 
13050 
13051 
13052 
13053 
13054 
13055 
13056 
13057 
13058 
13059 
13060 
13061 
13062 
13063 
13064 
13065 
13066 
13067 
13068 
13069 
13135 
13136 
13137 
13138 
13139 
13140 
13141 
13142 
13143 
13144 
13145 
13146 
13147 
13148 
13149 
13150 
13151 
13152 
13153 
13154 
13155 
13156 
13157 
13158 
13159 
13160 
13161 
13162 
13163 
13164 
13165 
13166 
13167 
13168 
13169 
13235 
13236 
13237 
13238 
13239 
13240 
13241 
13242 
13243 
13244 
13245 
13246 
13247 
13248 
13249 
13250 
13251 
13252 
13253 
13254 
13255 
13256 
13257 
13258 
13259 
13260 
13261 
13262 
13263 
13264 
13265 
13266 
13267 
13268 
13269 
13335 
13336 
13337 
13338 
13339 
13340 
13341 
13342 
13343 
13344 
13345 
13346 
13347 
13348 
13349 
13350 
13351 
13352 
13353 
13354 
13355 
13356 
13357 
13358 
13359 
13360 
13361 
13362 
13363 
13364 
13365 
13366 
13367 
13368 
13369 
13435 
13436 
13437 
13438 
13439 
13440 
13441 
13442 
13443 
13444 
13445 
13446 
13447 
13448 
13449 
13450 
13451 
13452 
13453 
13454 
13455 
13456 
13457 
13458 
13459 
13460 
13461 
13462 
13463 
13464 
13465 
13466 
13467 
13468 
13469 
13535 
13536 
13537 
13538 
13539 
13540 
13541 
13542 
13543 
13544 
13545 
13546 
13547 
13548 
13549 
13550 
13551 
13552 
13553 
13554 
13555 
13556 
13557 
13558 
13559 
13560 
13561 
13562 
13563 
13564 
13565 
13566 
13567 
13568 
13569 
13635 
13636 
13637 
13638 
13639 
13640 
13641 
13642 
13643 
13644 
13645 
13646 
13647 
13648 
13649 
13650 
13651 
13652 
13653 
13654 
13655 
13656 
13657 
13658 
13659 
13660 
13661 
13662 
13663 
13664 
13665 
13666 
13667 
13668 
13669 
13735 
13736 
13737 
13738 
13739 
13740 
13741 
13742 
13743 
13744 
13745 
13746 
13747 
13748 
13749 
13750 
13751 
13752 
13753 
13754 
13755 
13756 
13757 
13758 
13759 
13760 
13761 
13762 
13763 
13764 
13765 
13766 
13767 
13768 
13769 
13835 
13836 
13837 
13838 
13839 
13840 
13841 
13842 
13843 
13844 
13845 
13846 
13847 
13848 
13849 
13850 
13851 
13852 
13853 
13854 
13855 
13856 
13857 
13858 
13859 
13860 
13861 
13862 
13863 
13864 
13865 
13866 
13867 
13868 
13869 
13935 
13936 
13937 
13938 
13939 
13940 
13941 
13942 
13943 
13944 
13945 
13946 
13947 
13948 
13949 
13950 
13951 
13952 
13953 
13954 
13955 
13956 
13957 
13958 
13959 
13960 
13961 
13962 
13963 
13964 
13965 
13966 
13967 
13968 
13969 
14035 
14036 
14037 
14038 
14039 
14040 
14041 
14042 
14043 
14044 
14045 
14046 
14047 
14048 
14049 
14050 
14051 
14052 
14053 
14054 
14055 
14056 
14057 
14058 
14059 
14060 
14061 
14062 
14063 
14064 
14065 
14066 
14067 
14068 
14069 
14135 
14136 
14137 
14138 
14139 
14140 
14141 
14142 
14143 
14144 
14145 
14146 
14147 
14148 
14149 
14150 
14151 
14152 
14153 
14154 
14155 
14156 
14157 
14158 
14159 
14160 
14161 
14162 
14163 
14164 
14165 
14166 
14167 
14168 
14169 
14235 
14236 
14237 
14238 
14239 
14240 
14241 
14242 
14243 
14244 
14245 
14246 
14247 
14248 
14249 
14250 
14251 
14252 
14253 
14254 
14255 
14256 
14257 
14258 
14259 
14260 
14261 
14262 
14263 
14264 
14265 
14266 
14267 
14268 
14269 
14335 
14336 
14337 
14338 
14339 
14340 
14341 
14342 
14343 
14344 
14345 
14346 
14347 
14348 
14349 
14350 
14351 
14352 
14353 
14354 
14355 
14356 
14357 
14358 
14359 
14360 
14361 
14362 
14363 
14364 
14365 
14366 
14367 
14368 
14369 
14435 
14436 
14437 
14438 
14439 
14440 
14441 
14442 
14443 
14444 
14445 
14446 
14447 
14448 
14449 
14450 
14451 
14452 
14453 
14454 
14455 
14456 
14457 
14458 
14459 
14460 
14461 
14462 
14463 
14464 
14465 
14466 
14467 
14468 
14469 
14535 
14536 
14537 
14538 
14539 
14540 
14541 
14542 
14543 
14544 
14545 
14546 
14547 
14548 
14549 
14550 
14551 
14552 
14553 
14554 
14555 
14556 
14557 
14558 
14559 
14560 
14561 
14562 
14563 
14564 
14565 
14566 
14567 
14568 
14569 
14635 
14636 
14637 
14638 
14639 
14640 
14641 
14642 
14643 
14644 
14645 
14646 
14647 
14648 
14649 
14650 
14651 
14652 
14653 
14654 
14655 
14656 
14657 
14658 
14659 
14660 
14661 
14662 
14663 
14664 
14665 
14666 
14667 
14668 
14669 
14735 
14736 
14737 
14738 
14739 
14740 
14741 
14742 
14743 
14744 
14745 
14746 
14747 
14748 
14749 
14750 
14751 
14752 
14753 
14754 
14755 
14756 
14757 
14758 
14759 
14760 
14761 
14762 
14763 
14764 
14765 
14766 
14767 
14768 
14769 
14835 
14836 
14837 
14838 
14839 
14840 
14841 
14842 
14843 
14844 
14845 
14846 
14847 
14848 
14849 
14850 
14851 
14852 
14853 
14854 
14855 
14856 
14857 
14858 
14859 
14860 
14861 
14862 
14863 
14864 
14865 
14866 
14867 
14868 
14869 
14935 
14936 
14937 
14938 
14939 
14940 
14941 
14942 
14943 
14944 
14945 
14946 
14947 
14948 
14949 
14950 
14951 
14952 
14953 
14954 
14955 
14956 
14957 
14958 
14959 
14960 
14961 
14962 
14963 
14964 
14965 
14966 
14967 
14968 
14969 
15035 
15036 
15037 
15038 
15039 
15040 
15041 
15042 
15043 
15044 
15045 
15046 
15047 
15048 
15049 
15050 
15051 
15052 
15053 
15054 
15055 
15056 
15057 
15058 
15059 
15060 
15061 
15062 
15063 
15064 
15065 
15066 
15067 
15068 
15069 
15135 
15136 
15137 
15138 
15139 
15140 
15141 
15142 
15143 
15144 
15145 
15146 
15147 
15148 
15149 
15150 
15151 
15152 
15153 
15154 
15155 
15156 
15157 
15158 
15159 
15160 
15161 
15162 
15163 
15164 
15165 
15166 
15167 
15168 
15169 
15235 
15236 
15237 
15238 
15239 
15240 
15241 
15242 
15243 
15244 
15245 
15246 
15247 
15248 
15249 
15250 
15251 
15252 
15253 
15254 
15255 
15256 
15257 
15258 
15259 
15260 
15261 
15262 
15263 
15264 
15265 
15266 
15267 
15268 
15269 
15335 
15336 
15337 
15338 
15339 
15340 
15341 
15342 
15343 
15344 
15345 
15346 
15347 
15348 
15349 
15350 
15351 
15352 
15353 
15354 
15355 
15356 
15357 
15358 
15359 
15360 
15361 
15362 
15363 
15364 
15365 
15366 
15367 
15368 
15369 
15435 
15436 
15437 
15438 
15439 
15440 
15441 
15442 
15443 
15444 
15445 
15446 
15447 
15448 
15449 
15450 
15451 
15452 
15453 
15454 
15455 
15456 
15457 
15458 
15459 
15460 
15461 
15462 
15463 
15464 
15465 
15466 
15467 
15468 
15469 
15535 
15536 
15537 
15538 
15539 
15540 
15541 
15542 
15543 
15544 
15545 
15546 
15547 
15548 
15549 
15550 
15551 
15552 
15553 
15554 
15555 
15556 
15557 
15558 
15559 
15560 
15561 
15562 
15563 
15564 
15565 
15566 
15567 
15568 
15569 
15635 
15636 
15637 
15638 
15639 
15640 
15641 
15642 
15643 
15644 
15645 
15646 
15647 
15648 
15649 
15650 
15651 
15652 
15653 
15654 
15655 
15656 
15657 
15658 
15659 
15660 
15661 
15662 
15663 
15664 
15665 
15666 
15667 
15668 
15669 
15735 
15736 
15737 
15738 
15739 
15740 
15741 
15742 
15743 
15744 
15745 
15746 
15747 
15748 
15749 
15750 
15751 
15752 
15753 
15754 
15755 
15756 
15757 
15758 
15759 
15760 
15761 
15762 
15763 
15764 
15765 
15766 
15767 
15768 
15769 
15835 
15836 
15837 
15838 
15839 
15840 
15841 
15842 
15843 
15844 
15845 
15846 
15847 
15848 
15849 
15850 
15851 
15852 
15853 
15854 
15855 
15856 
15857 
15858 
15859 
15860 
15861 
15862 
15863 
15864 
15865 
15866 
15867 
15868 
15869 
15935 
15936 
15937 
15938 
15939 
15940 
15941 
15942 
15943 
15944 
15945 
15946 
15947 
15948 
15949 
15950 
15951 
15952 
15953 
15954 
15955 
15956 
15957 
15958 
15959 
15960 
15961 
15962 
15963 
15964 
15965 
15966 
15967 
15968 
15969 
16035 
16036 
16037 
16038 
16039 
16040 
16041 
16042 
16043 
16044 
16045 
16046 
16047 
16048 
16049 
16050 
16051 
16052 
16053 
16054 
16055 
16056 
16057 
16058 
16059 
16060 
16061 
16062 
16063 
16064 
16065 
16066 
16067 
16068 
16069 
16135 
16136 
16137 
16138 
16139 
16140 
16141 
16142 
16143 
16144 
16145 
16146 
16147 
16148 
16149 
16150 
16151 
16152 
16153 
16154 
16155 
16156 
16157 
16158 
16159 
16160 
16161 
16162 
16163 
16164 
16165 
16166 
16167 
16168 
16169 
16235 
16236 
16237 
16238 
16239 
16240 
16241 
16242 
16243 
16244 
16245 
16246 
16247 
16248 
16249 
16250 
16251 
16252 
16253 
16254 
16255 
16256 
16257 
16258 
16259 
16260 
16261 
16262 
16263 
16264 
16265 
16266 
16267 
16268 
16269 
16335 
16336 
16337 
16338 
16339 
16340 
16341 
16342 
16343 
16344 
16345 
16346 
16347 
16348 
16349 
16350 
16351 
16352 
16353 
16354 
16355 
16356 
16357 
16358 
16359 
16360 
16361 
16362 
16363 
16364 
16365 
16366 
16367 
16368 
16369 
)

// ************************************************************************* //
